869
444 557
249 363
574 476
509 698
521 464
74 396
35 238
204 231
285 21
293 409
5 340
860 614
863 820
830 383
201 795
173 738
161 373
153 645
69 72
291 850
549 247
73 34
89 107
313 34
101 283
389 527
100 276
12 10
52 807
79 5
460 115
227 361
1 2
423 102
194 98
366 227
779 232
94 42
89 867
291 355
626 110
271 225
91 640
459 351
3 44
357 734
284 317
73 837
591 765
185 469
82 743
540 545
168 27
655 10
222 212
508 735
490 236
354 538
119 360
531 462
134 51
369 195
576 634
711 205
280 238
256 862
155 61
245 173
813 491
197 372
537 41
539 583
6 9
631 732
114 184
281 250
21 133
2 52
82 646
278 548
292 803
479 303
276 404
10 21
34 508
364 340
515 503
152 218
142 217
218 822
156 440
533 176
121 34
826 451
198 195
90 40
347 704
108 15
384 773
39 23
618 688
864 823
144 175
4 3
288 106
715 823
7 8
46 118
58 135
176 101
362 315
23 2
96 287
474 503
741 545
635 274
316 328
313 552
298 491
235 544
318 528
40 123
80 475
284 272
489 729
118 836
165 657
86 555
7 244
269 123
7 24
19 33
489 611
136 149
42 43
362 652
200 325
16 255
246 375
595 90
614 132
624 251
717 526
246 233
15 3
81 15
500 109
300 214
10 858
278 168
629 772
321 532
91 171
457 667
221 220
253 728
620 708
478 680
208 172
854 36
33 282
33 715
42 279
241 47
539 719
272 622
467 19
190 94
114 170
164 178
35 115
670 196
38 21
57 13
518 66
527 819
818 62
189 429
410 26
183 243
192 398
115 242
638 317
698 710
91 347
173 19
116 111
105 172
558 651
627 365
210 93
364 582
254 28
63 93
16 19
531 747
654 98
377 44
220 399
248 703
24 496
48 189
93 213
36 11
247 53
115 320
226 849
324 406
530 414
22 444
41 47
135 759
196 322
213 471
266 247
38 205
612 59
104 2
276 486
74 162
122 94
226 274
731 156
37 19
746 89
82 88
203 58
274 338
64 83
207 318
710 824
408 797
279 367
327 619
127 485
524 130
211 88
31 19
541 83
80 252
251 217
566 399
414 590
327 420
604 702
35 290
48 9
18 59
311 542
630 539
135 188
600 639
60 25
184 597
376 58
264 44
127 93
120 96
137 260
17 22
691 103
664 357
495 774
33 67
119 209
298 124
560 165
330 695
219 799
131 118
841 525
21 543
59 452
450 644
512 171
6 4
739 554
509 364
749 271
93 306
844 230
650 534
327 470
303 124
650 742
330 24
827 91
859 451
120 152
55 4
153 182
168 202
9 18
84 275
771 796
291 365
245 502
270 191
768 855
345 40
5 20
218 511
62 44
153 828
167 59
347 606
22 27
129 249
326 138
559 483
10 11
149 442
492 226
240 122
155 286
723 421
474 672
716 87
568 246
271 780
816 163
237 341
50 24
427 218
637 812
603 225
671 235
786 535
101 206
6 34
147 51
292 571
113 86
801 677
52 343
753 866
449 342
466 278
204 96
764 493
16 225
47 476
261 570
22 563
628 176
569 25
453 166
246 673
80 687
32 3
96 98
332 642
174 54
156 130
57 187
643 259
379 243
76 781
141 88
145 386
191 737
558 46
105 752
159 55
95 227
276 339
232 237
748 52
480 235
391 297
385 281
155 696
48 446
121 138
769 522
386 493
333 6
578 377
145 259
530 720
526 137
24 86
407 303
771 511
505 466
31 587
35 33
126 20
228 438
81 224
184 383
27 402
313 418
214 250
137 73
820 701
499 350
36 180
46 426
186 151
519 840
416 236
693 171
792 63
106 93
390 266
270 789
111 35
54 71
8 193
110 785
93 234
76 73
183 175
788 79
481 76
770 572
140 248
409 604
219 174
616 354
414 118
422 756
112 28
160 156
745 124
713 166
462 232
157 793
857 86
8 89
580 421
740 1
125 267
55 84
59 562
4 151
278 615
390 609
666 777
272 72
488 355
506 70
80 356
626 744
346 29
694 589
592 472
4 41
436 112
819 852
197 187
550 306
87 28
402 445
575 194
542 831
348 99
42 157
753 154
335 534
14 64
321 111
195 207
677 396
245 678
15 154
340 447
451 283
761 299
181 395
231 699
39 806
95 11
195 43
312 736
80 25
290 523
54 304
66 75
198 214
70 665
428 519
282 353
454 766
424 376
1 5
567 463
405 50
357 374
484 176
598 350
601 577
123 146
226 117
198 228
181 66
230 85
312 314
536 817
50 263
17 3
230 697
242 296
88 421
6 14
588 804
454 347
192 800
17 192
407 662
492 718
730 81
15 408
185 572
94 371
171 554
392 227
24 46
52 70
278 525
843 421
258 682
92 69
143 78
411 95
554 669
455 439
865 97
714 55
762 115
223 123
293 138
169 472
410 846
37 450
422 91
241 631
649 113
790 764
119 85
61 832
647 56
236 39
235 121
224 434
258 55
90 158
464 173
7 551
268 62
564 505
814 25
648 291
104 784
301 241
354 20
432 145
6 617
2 45
658 652
767 214
63 22
425 712
690 166
363 666
43 179
507 395
599 200
354 591
448 157
165 44
261 235
287 586
428 370
277 104
199 584
403 244
199 180
811 315
232 214
468 76
273 441
546 385
240 632
561 833
235 608
275 380
316 309
336 138
352 22
82 55
289 393
437 310
482 437
237 265
48 68
53 589
164 93
265 311
144 127
596 390
596 835
494 53
399 501
300 610
498 194
661 503
869 86
97 79
212 842
834 190
808 507
67 103
625 306
332 150
31 77
25 21
16 497
573 151
382 238
594 132
14 40
65 177
431 191
74 40
287 344
2 3
417 96
473 810
439 709
132 153
145 487
162 755
641 214
829 798
223 310
63 125
504 262
359 522
468 556
692 112
620 563
111 215
185 419
324 495
128 750
199 229
733 574
163 119
16 140
286 660
370 25
264 400
262 185
760 485
588 337
230 425
727 399
706 532
272 821
725 565
291 138
88 478
11 13
633 294
220 24
106 368
185 60
273 196
335 185
280 794
28 58
3 65
301 547
86 461
600 406
256 204
8 10
324 180
483 307
278 302
113 656
540 314
42 56
787 632
132 22
49 38
751 7
32 145
629 375
15 201
15 29
175 536
241 334
358 215
791 369
613 512
120 128
234 477
776 489
112 514
119 295
317 802
150 99
321 700
85 109
281 529
659 222
206 520
473 367
297 164
389 319
289 110
517 421
623 456
208 327
305 36
565 544
168 705
58 117
722 608
369 757
71 381
82 169
85 51
607 583
388 107
581 441
69 52
701 45
217 576
156 561
192 350
815 69
838 793
252 292
38 142
54 35
539 351
102 42
12 26
868 837
251 415
809 695
166 798
135 329
233 202
121 778
251 456
86 136
489 190
523 853
216 195
553 327
397 443
85 96
145 337
290 535
401 355
308 175
856 222
577 86
492 510
675 531
3 7
53 22
31 114
28 7
166 124
636 601
763 11
36 51
668 26
34 110
754 626
147 319
4 516
139 131
439 726
848 220
124 79
470 851
357 347
290 307
412 99
686 246
323 66
101 10
359 233
38 130
805 788
92 331
465 66
600 676
382 593
66 40
645 724
100 32
212 140
605 238
196 37
131 679
61 825
463 165
206 397
6 315
79 513
109 653
439 80
457 351
133 602
191 96
293 674
585 370
707 333
524 618
161 83
775 686
272 783
253 137
245 845
312 187
209 342
387 92
317 413
91 77
637 562
430 192
409 579
33 42
554 683
360 433